R: 13.467239032523782
a: 0.38975712327748563
b: 0.12088433372494867
r: 0.1421984532342705
w: 0.49638523460130085
