R: 14.926904166101828
a: 0.3989562178403382
b: 0.10154604322790195
r: 0.16743629082506437
w: 0.4846585425163271
