R: 8.823523576459424
a: 0.3899118669754616
b: 0.16962347136494557
r: 0.095001600626956
w: 0.5
