R: 7.721082629183893
a: 0.34095450492183826
b: 0.13154868964436506
r: 0.11973410864349737
w: 0.444938490431368
